Solución encontrada con HC MM: 
[
  [ 6  0  0  2  0 ]
  [ 2  0  1  -1  -1 ]
  [ 12  4  0  0  1 ]
  [ 13  4  1  0  0 ]
  [ 3  4  2  -1  -1 ]
  [ 6  2  0  4  2 ]
  [ 4  2  1  -1  -1 ]
  [ 5  5  1  -1  -1 ]
  [ 6  4  2  -1  -1 ]
  [ 16  3  0  4  2 ]
  [ 10  3  1  5  1 ]
  [ 7  3  2  -1  -1 ]
  [ 8  2  2  -1  -1 ]
  [ 14  1  0  4  1 ]
  [ 15  1  1  2  2 ]
  [ 9  1  2  -1  -1 ]
  [ 10  5  1  -1  -1 ]
  [ 11  5  2  -1  -1 ]
  [ 13  0  0  3  2 ]
  [ 12  0  1  -1  -1 ]
  [ 13  3  2  -1  -1 ]
  [ 14  4  1  -1  -1 ]
  [ 15  2  2  -1  -1 ]
  [ 16  4  2  -1  -1 ]
]
Total de movimientos con HC MM: 24
